8518
6381
6076
4047
1624
5434
1909
178
7502
2839
6248
8800
6537
1971
5637
7638
9379
8000
440
6245
5380
6835
1638
7332
8710
21030
18853
18602
16809
14107
18053
14487
12715
19972
15507
18814
21281
19043
14531
18306
20125
21876
20487
12972
18800
17981
19343
14122
19781
21206
1215
7474
4814
3230
4444
3715
8731
2933
3539
5673
4481
8582
4032
5142
7315
9506
6300
5498
3727
4435
2733
4921
4755
4574
7127
6236
5196
6720
9035
2975
1750
8121
6872
1126
4450
7553
1465
6905
2808
3084
2982
1174
9938
9936
7404
4278
6633
6048
1773
4533
